>>diary on
>>main
u's companion matrix: 
  -4  -0  -4  -4  -0  -4   6
   1   0   0   0   0   0   0
   0   1   0   0   0   0   0
   0   0   1   0   0   0   0
   0   0   0   1   0   0   0
   0   0   0   0   1   0   0
   0   0   0   0   0   1   0

u's eigenvalues: 
  -4.17052 + 0.00000i
  -1.22235 + 0.00000i
  -0.27235 + 1.01462i
  -0.27235 - 1.01462i
   0.61123 + 1.05721i
   0.61123 - 1.05721i
   0.71512 + 0.00000i


v's companion matrix: 
    5   -2  -22   31    5  -28   12
    1    0    0    0    0    0    0
    0    1    0    0    0    0    0
    0    0    1    0    0    0    0
    0    0    0    1    0    0    0
    0    0    0    0    1    0    0
    0    0    0    0    0    1    0

v's eigenvalues: 
  -2.00000 + 0.00000i
   3.00000 + 0.00000i
  -1.00000 + 0.00000i
   2.00000 + 0.00000i
   1.00000 + 0.00000i
   1.00000 - 0.00000i
   0.99999 + 0.00000i
>>diary off
